08
00
00
08
08
00
00
80
20
01
00
01
20
02
00
01
20
04
00
00
20
06
00
00
80
E0
01
F7
80
C0
01
F8
10
06
00
0C
10
07
00
08
08
00
00
30
08
00
00
08
00
80
18
20
00
62
20
20
00
60
10
20
00
C1
30
22
A0
04
01
FC
A0
04
01
FA
10
C0
00
08
08
00
00
30
08
00
00
48
00
00
00
00
00
00
00
00
00
00
00
00
00
00
00
00
00
00
00
00
00
00
00
00
00
00
00
00
00
00
00
00
00
00
00
00
00
00
00
00
00
00
00
00
20
01
00
01
20
02
00
01
20
04
00
00
20
06
00
00
80
E0
01
F7
80
C0
01
F9
10
06
00
0C
10
07
00
08
08
00
00
A8
08
00
00
80
00
80
18
20
00
62
20
20
00
60
10
20
00
C1
30
22
A0
04
01
FE
A0
04
01
FB
10
C0
00
08
08
00
00
A8
08
00
00
C0
00
00
00
00
00
00
00
00
00
00
00
00
00
00
00
00
00
00
00
00
00
00
00
00
00
00
00
00
00
00
00
00
00
00
00
00
00
00
00
00
00
00
00
00
00
00
00
00
00
00
00
00
00
00
00
00
00
00
00
00
00
00
00
00
00
00
00
00
00
00
00
00
00
00
00
00
00
00
00
00
00
00
00
00
00
00
00
00
00
00
00
00
00
00
00
00
00
00
00
00
00
00
00
00
00
00
00
00
00
00
00
00
00
00
00
00
00
00
00
00
00
00
00
00
00
00
00
00
00
00
00
00
00
00
00
00
00
00
00
00
00
00
00
00
00
00
00
00
00
00
00
00
00
00
00
00
00
00
00
00
00
00
00
00
00
00
00
00
00
00
00
00
00
00
00
00
00
00
00
00
00
00
00
00
00
00
00
00
00
00
00
00
00
00
00
00
00
00
00
00
00
00
00
00
00
00
00
00
00
00
00
00
00
00
00
00
00
00
00
00
00
00
00
00
00
00
00
00
00
00
00
00
00
00
00
00
00
00
00
00
00
00
00
00
00
00
00
00
00
00
00
00
00
00
00
00
00
00
00
00
00
00
00
00
00
00
00
00
00
00
00
00
00
00
00
00
00
00
00
00
00
00
00
00
00
00
00
00
00
00
00
00
00
00
00
00
00
00
00
00
00
00
00
00
00
00
00
00